version: 1
creator: callgrind-3.7.0
pid: 14757
cmd:  ./a.out
part: 1


desc: I1 cache: 
desc: D1 cache: 
desc: LL cache: 

desc: Timerange: Basic block 0 - 34832
desc: Trigger: Program termination

positions: line
events: Ir
summary: 161879


ob=(2) ???
fl=(14) ???
fn=(276) 0x00000000004003c8
0 2
cob=(5) /home/nathan/Desktop/temp/valgrind/a.out
cfi=(59) ???
cfn=(278) 0x000000000040043c
calls=1 0 
0 6
0 1
cob=(5)
cfi=(59)
cfn=(284) 0x00000000004004d0
calls=1 0 
0 6
0 1
cob=(5)
cfi=(59)
cfn=(290) 0x00000000004005d0
calls=1 0 
0 11
0 2

fn=(196) 0x0000000004a25480
0 2
cob=(4) /usr/lib/valgrind/vgpreload_core-amd64-linux.so
cfi=(46) ???
cfn=(198) 0x00000000000004d0
calls=1 0 
0 6
0 1
cob=(4)
cfi=(46)
cfn=(204) 0x0000000000000570
calls=1 0 
0 6
0 1
cob=(4)
cfi=(46)
cfn=(210) 0x00000000000006e0
calls=1 0 
0 11
0 2

fn=(348) 0x0000000004a25718
0 2
cob=(4)
cfi=(46)
cfn=(350) 0x00000000000004f0
calls=1 0 
0 783
0 2

fn=(338) 0x0000000000400608
0 2
cob=(5)
cfi=(59)
cfn=(340) 0x0000000000400460
calls=1 0 
0 18
0 2

ob=(1) /lib/x86_64-linux-gnu/ld-2.15.so
fl=(11) /build/buildd/eglibc-2.15/elf/dl-environ.c
fn=(26) _dl_next_ld_env_entry
31 3
+1 3
+2 11
+2 98
+11 47
-13 141
+17 1
-14 18
+5 2
-3 2
+3 2
+2 2

fl=(37) /build/buildd/eglibc-2.15/elf/dl-reloc.c
fn=(150) _dl_relocate_object
154 4
+11 8
-11 20
+10 8
-10 12
+15 4
-15 8
+11 4
+4 4
+1 20
+6 8
+6 12
+4 8
+8 8
-33 4
+78 4
fi=(4) /build/buildd/eglibc-2.15/elf/../sysdeps/x86_64/dl-machine.h
96 8
fe=(37)
239 8
fi=(4)
96 4
+39 3
fe=(37)
265 157
152 1
265 2
152 1
265 1
fi=(5) /build/buildd/eglibc-2.15/elf/do-rel.h
57 1
fe=(37)
265 1
fi=(5)
67 1
fe=(37)
265 1
fi=(5)
56 2
+11 2
fe=(37)
+85 3
265 6
152 3
265 3
fi=(5)
57 3
fe=(37)
265 3
fi=(5)
67 3
fe=(37)
265 3
fi=(5)
56 6
+11 6
fe=(37)
265 4
fi=(5)
57 4
fe=(37)
265 4
fi=(5)
67 4
fe=(37)
265 4
fi=(5)
56 8
+11 8
+3 15
fi=(4)
470 20
+4 20
+2 30
+1 10
fi=(5)
70 42
+2 45
+2 17
-4 3
+13 6
+1 5
+1 10
fi=(4)
470 10
+24 5
fi=(5)
84 5
fi=(4)
494 5
+2 5
cob=(3) /lib/x86_64-linux-gnu/libc-2.15.so
cfi=(44) /build/buildd/eglibc-2.15/time/../sysdeps/unix/sysv/linux/x86_64/gettimeofday.c
cfn=(176) gettimeofday
calls=1 31 
* 76
cob=(3)
cfi=(38) /build/buildd/eglibc-2.15/string/../sysdeps/x86_64/multiarch/strcmp.S
cfn=(174) strncasecmp
calls=1 130 
* 9
cob=(3)
cfi=(43) /build/buildd/eglibc-2.15/string/../sysdeps/x86_64/multiarch/strnlen.S
cfn=(172) strnlen
calls=1 30 
* 6
cob=(3)
cfi=(40) /build/buildd/eglibc-2.15/time/../sysdeps/unix/sysv/linux/x86_64/time.c
cfn=(166) time
calls=1 29 
* 76
cob=(3)
cfi=(38)
cfn=(162) strcasecmp
calls=1 106 
* 66
fi=(5)
84 5
fi=(4)
497 5
fi=(5)
84 6
184 1
fe=(37)
+81 3
fi=(5)
-81 7
fe=(37)
+81 21
+3 12
+40 4
+3 8
+17 12
+2 32
fi=(5)
93 5
+2 10
+12 5
-14 5
+14 5
-14 5
+14 5
+10 6
+3 6
fi=(4)
460 2
fi=(5)
121 2
fi=(4)
460 2
fi=(5)
121 2
fe=(37)
+31 4
fi=(5)
-31 2392
fi=(4)
460 2392
+1 2396
fi=(5)
120 2396
fi=(4)
461 1198
fi=(5)
120 1198
+7 15
+3 4
+3 4
-3 4
+3 10
fi=(4)
396 12
fi=(5)
136 475
+9 190
+1 95
+2 190
fi=(4)
268 95
fi=(5)
147 95
-2 95
+1 285
fi=(4)
268 95
+18 190
+7 1392
fi=(5)
146 6
+1 6
fi=(4)
293 12
fi=(5)
146 6
fi=(4)
293 318
fi=(5)
146 75
+1 75
fi=(4)
293 150
fi=(5)
146 75
fi=(4)
293 1197
cfi=(6) /build/buildd/eglibc-2.15/elf/dl-lookup.c
cfn=(156) _dl_lookup_symbol_x
calls=81 716 
* 48872
* 324
+2 285
+3 93
-3 186
+3 279
+6 190
96 6
+6 6
+4 9
+13 3
-8 3
+8 6
+13 3
+3 3
-3 3
+3 9
fe=(37)
+49 12
fi=(4)
-49 6
fe=(37)
265 18
fi=(4)
+28 300
fi=(5)
133 6
+19 6
fi=(4)
304 380
+85 84
fi=(5)
133 168
fi=(4)
389 84
fi=(5)
133 87
-16 3
fe=(37)
337 4
-1 8
+1 4
-1 8
+2 8
+3 8
+1 12
cfi=(23) /build/buildd/eglibc-2.15/misc/../sysdeps/unix/syscall-template.S
cfn=(106) mprotect
calls=4 82 
* 20
* 8
fi=(4)
+30 30
+4 30
+5 20
fi=(5)
133 10
fi=(4)
382 20
fi=(5)
133 20
fi=(4)
322 2
+1 1
fi=(5)
133 1
fi=(4)
323 1
fi=(5)
133 2
+36 9
+2 15
+8 6
+1 3
-1 3
+1 3
fi=(4)
+88 3
fi=(5)
-89 6
fi=(4)
+89 3
+18 6
+7 84
cfi=(6)
cfn=(156)
calls=3 716 
* 1523
* 12
+2 9
+3 1
-3 2
+3 3
+6 6
-11 24
fi=(5)
169 12
+14 2
fi=(4)
304 12
+85 9
-96 69
fe=(37)

fl=(24) /build/buildd/eglibc-2.15/string/../sysdeps/x86_64/multiarch/../strchr.S
fn=(70) index
26 6
+1 6
+1 6
+1 6
+1 6
+1 6
+1 6
+1 6
+1 6
+1 6
+1 6
+1 6
+1 6
+1 6
+1 6
+1 6
+1 6
+1 6
+1 6
+1 6
+1 6
+2 8
+1 8
+1 8
+1 8
+1 8
+1 8
+1 8
+1 8
+1 8
+2 6
+1 6
+1 1
+1 1
+1 1
+1 1
+1 5
+1 6

fl=(60) /build/buildd/eglibc-2.15/elf/../sysdeps/x86_64/dl-trampoline.S
fn=(262) _dl_runtime_resolve
31 3
+2 3
+1 3
+1 3
+1 3
+1 3
+1 3
+1 3
+1 3
+1 3
+1 3
cfi=(61) /build/buildd/eglibc-2.15/elf/../elf/dl-runtime.c
cfn=(264) _dl_fixup
calls=3 +32 
* 2383
+1 3
+1 3
+1 3
+1 3
+1 3
+1 3
+1 3
+1 3
+1 3
+2 3

fl=(32) /build/buildd/eglibc-2.15/io/../sysdeps/unix/sysv/linux/wordsize-64/xstat.c
fn=(120) _xstat
37 8
-1 8
+1 8
+1 48
+4 2
-4 24

fl=(45) /build/buildd/eglibc-2.15/elf/dl-init.c
fn=(194) call_init.part.0
35 3
+21 3
-21 24
+21 3
+8 9
+2 4
+4 8
cob=(3)
cfi=(50) /build/buildd/eglibc-2.15/csu/../sysdeps/unix/sysv/linux/x86_64/../init-first.c
cfn=(228) _init
calls=1 -17 
* 210
cob=(2)
cfi=(14)
cfn=(196)
calls=1 -70 
* 29
+4 3
+1 6
+6 4
+2 4
-2 2
+3 4
-49 9
+50 4
cob=(3)
cfi=(57) /build/buildd/eglibc-2.15/string/../sysdeps/x86_64/multiarch/../cacheinfo.c
cfn=(242) init_cacheinfo
calls=1 552 
* 2865
* 8
cob=(3)
cfi=(56) /build/buildd/eglibc-2.15/elf/dl-altinit.c
cfn=(240) dlinit_alt
calls=1 -52 
* 4
cfi=(47) /build/buildd/eglibc-2.15/string/../sysdeps/x86_64/multiarch/../cacheinfo.c
cfn=(216) init_cacheinfo
calls=1 552 
* 2924
-1 3
+1 3
-1 3
+3 18

fn=(192) _dl_init
93 11
+1 1
+1 1
+3 3
+7 2
+27 2
+1 6
+1 4
-1 4
+1 8
-97 12
+9 3
-3 6
+3 6
+5 4
+1 8
cfn=(194)
calls=2 -17 
* 6099
+81 4
+7 8
-88 4
-5 3
-10 3
+9 1
-3 2
+3 2
+5 2
+1 4
cfn=(194)
calls=1 -17 
* 58
+49 2

fl=(17) /build/buildd/eglibc-2.15/string/../sysdeps/x86_64/multiarch/../strcmp.S
fn=(52) strcmp
135 165
+1 165
+1 165
+1 110
+1 110
+1 110
+1 110
cfn=(53) strcmp'2
calls=110 -6 
* 8154
+5 55
+1 55
+1 55
+1 55

fn=(53)
135 1136
+1 1136
+1 1136
+1 1127
+1 1127
+1 1127
+1 1127
cfn=(53)
calls=1026 -6 
* 44073
+2 101
+1 101
+2 9
+1 9
+1 9
+1 9

fl=(47)
fn=(220) handle_intel
307 2
+6 2
-6 14
+1 4
+13 2
+1 2
+2 2
-5 2
+11 4
+5 2
-5 4
+5 2
+7 10
cfn=(222) intel_check_word
calls=2 163 
* 1606
+1 4
+3 10
cfn=(222)
calls=2 163 
* 785
+1 4
+3 5
cfn=(222)
calls=1 163 
* 21
+1 2
+3 5
cfn=(222)
calls=1 163 
* 203
+1 2
-18 2
+1 4
+26 16

fn=(222)
163 60
+1 12
+8 6
-2 40
+14 26
+53 26
+36 65
-1 13
+1 13
cfi=(49) /build/buildd/eglibc-2.15/stdlib/bsearch.c
cfn=(224) bsearch
calls=13 27 
* 2186
+2 26
+2 12
+14 2
+6 11
172 22
+2 13
+2 26
301 4
+1 42
-23 2
+2 4
+2 4

fn=(216)
552 1
+13 1
-13 1
+13 1
-13 1
+13 1
+7 2
-6 1
cfi=(48) /build/buildd/eglibc-2.15/csu/../sysdeps/x86_64/multiarch/init-arch.c
cfn=(218) __init_cpu_features
calls=1 53 
* 56
* 2
+8 3
cfn=(220)
calls=1 307 
* 1667
+4 2
-4 1
+4 1
cfn=(220)
calls=1 307 
* 1054
+2 1
-2 1
-1 1
+3 1
+29 1
-18 1
+18 3
+7 5
+6 2
-6 12
+6 6
+3 20
+2 1
+6 6
+7 5
+2 1
+2 2
-4 4
+2 1
+2 6
+2 4
+5 1
+2 2
+1 1
-1 2
+1 1
+5 1
+12 4
+75 2
+2 1
+1 1
+2 1
-3 1
+5 1
-5 1
+4 3
+4 2
+2 1
+1 1
+2 1
-3 1
+5 1
+2 1
-7 1
+4 2
+3 1
-3 1
+3 2
-93 7

fn=(226) intel_02_known_compare
152 87
+1 87
-1 174
+3 168
+1 87

fl=(31) /build/buildd/eglibc-2.15/elf/dl-deps.c
fn=(114) _dl_map_object_deps
149 1
+1 1
-1 2
+1 1
-1 1
+1 1
-1 1
+1 2
-1 5
+1 1
-1 1
+1 2
+16 1
-16 1
+14 1
+1 1
+1 1
+6 4
+10 2
-14 1
+14 1
-36 3
+20 1
-2 1
+19 1
-17 1
+6 1
-6 1
-2 1
+2 1
-2 1
+1 1
+1 1
+6 3
+10 1
-10 1
+10 5
+4 1
+21 1
+1 1
-22 2
+19 1
+3 3
-3 1
+7 1
+1 1
-1 1
+5 1
+4 2
-9 3
+1 3
-1 3
+5 3
+4 6
+12 8
+2 2
+11 2
-4 2
+1 2
-2 2
-6 2
+7 2
+1 2
-8 2
+5 2
+6 14
+50 4
+1 3
-51 176
+1 88
+6 10
cfi=(24)
cfn=(70)
calls=2 26 
* 68
* 6
+5 10
-3 2
+3 2
cfi=(26) /build/buildd/eglibc-2.15/elf/dl-error.c
cfn=(82) _dl_catch_error
calls=2 -98 
* 6978
+2 6
+15 2
+2 4
+5 2
+6 2
+2 2
-8 4
+5 2
-2 2
+1 2
+2 2
+4 12
-59 8
-19 2
477 8
+2 6
+3 4
-1 2
cfi=(15) /build/buildd/eglibc-2.15/elf/dl-minimal.c
cfn=(38) malloc
calls=2 95 
* 58
+2 2
-2 2
+2 2
+4 8
-1 2
+2 2
-1 2
cfi=(16) /build/buildd/eglibc-2.15/string/../sysdeps/x86_64/multiarch/../memcpy.S
cfn=(44) memcpy
calls=2 62 
* 41
+1 8
cfi=(16)
cfn=(44)
calls=2 62 
* 41
+4 2
-1 2
+5 20
+2 4
+1 23
222 23
+2 2
+2 2
-2 2
+2 4
+2 26
499 1
206 1
499 2
+4 5
+1 2
+3 5
+11 3
-1 1
cfi=(15)
cfn=(38)
calls=1 95 
* 52
+3 1
-3 1
+3 1
+5 2
+1 1
-1 2
+1 1
-1 1
+1 8
+8 4
+4 2
-10 3
-2 3
+8 12
+4 6
-10 10
+13 2
+51 5
+2 3
213 2
637 1
-5 1
+6 2
-2 1
+1 5
+1 3
cfi=(30) /build/buildd/eglibc-2.15/string/../sysdeps/x86_64/multiarch/../memset.S
cfn=(108) memset
calls=1 44 
* 17
* 5
+4 1
+7 1
-6 2
+6 1
-7 2
+7 2
-6 4
+6 6
+2 8
+1 4
-1 4
+1 4
+3 6
-1 9
+23 3
-28 6
+31 9
+3 16
cfi=(30)
cfn=(108)
calls=2 44 
* 22
* 7
+7 2
+2 1
+1 1
-1 1
+9 2
+3 3
+3 8
299 168
630 6
cfi=(16)
cfn=(44)
calls=1 62 
* 28
+2 3

fn=(116) openaux
62 4
+7 2
-4 6
+2 2
-2 2
+2 2
-2 10
cfi=(20) /build/buildd/eglibc-2.15/elf/dl-load.c
cfn=(90) _dl_map_object
calls=2 2276 
* 6830
* 2
+5 4

fl=(35) /build/buildd/eglibc-2.15/elf/dl-version.c
fn=(136) _dl_check_map_versions
180 36
+15 4
-15 8
+15 8
+2 4
+3 4
-3 4
+2 4
+1 4
+2 4
-3 4
+3 4
+3 6
+4 2
-4 2
+4 10
+17 2
62 2
226 4
62 16
+1 5
-1 10
+2 21
cfi=(28) /build/buildd/eglibc-2.15/elf/dl-misc.c
cfn=(92) _dl_name_match_p
calls=7 305 
* 517
* 14
230 4
+4 6
+5 8
+20 1
-16 35
cfn=(138) match_symbol
calls=1 82 
* 140
* 6
cfn=(138)
calls=2 82 
* 312
* 3
+8 6
-8 6
+11 9
+9 8
-74 2
-8 2
+96 8
+3 8
+10 23
-7 46
-3 46
+6 69
-3 4
-3 4
+6 6
+8 8
+87 36
-81 12
cfi=(15)
cfn=(34) calloc
calls=3 111 
* 114
+1 3
-2 3
+2 3
+11 3
+2 3
-5 3
+3 6
+2 3
+3 8
+4 6
+18 1
-15 3
+2 3
-2 6
+2 6
+2 3
+1 3
-1 9
+1 3
+1 3
-2 3
+2 6
+1 9
+3 9
+8 6
+10 6
+3 10
+20 23
-14 23
-2 23
+2 25
-2 2
+2 2
+4 23
+2 23
-1 46
+1 23
-1 69
+1 23
+1 23
+3 77

fn=(138)
82 30
+9 3
-8 3
-1 9
+1 3
+8 3
+6 9
+15 3
+1 6
+2 3
+5 6
+14 20
+12 21
+4 7
-30 14
+16 3
+3 15
cfi=(17)
cfn=(52)
calls=3 -4 
* 258
* 9
+3 3
+32 24

fn=(134) _dl_check_all_versions
387 5
+2 1
-2 2
+4 4
+1 12
+1 16
cfn=(136)
calls=4 180 
* 2166
-2 4
+1 16
-1 8
+5 7

fl=(13) /build/buildd/eglibc-2.15/elf/dl-object.c
fn=(30) _dl_new_object
63 27
+1 3
-1 12
+1 3
cfi=(9) /build/buildd/eglibc-2.15/string/../sysdeps/x86_64/multiarch/../rtld-strlen.S
cfn=(18) strlen
calls=3 -35 
* 123
+6 3
-6 3
+6 39
+7 12
cfi=(15)
cfn=(34)
calls=3 +34 
* 121
+3 3
-3 3
+3 6
+4 3
-1 3
-19 3
+25 3
-5 3
+5 3
-1 6
+1 3
cfi=(16)
cfn=(44)
calls=3 -27 
* 88
+2 3
-2 3
+5 6
-1 3
+1 9
+3 3
-3 3
+3 3
+6 3
+3 3
-7 3
+4 3
+3 3
-45 5
+47 2
-2 2
+2 30
-2 30
+18 3
-6 3
+1 3
-1 3
+6 18
+2 2
+3 2
-3 8
+3 2
+4 6
+4 6
+8 1
+6 1
-3 2
+3 4
-3 4
+3 4
+2 4
cfi=(9)
cfn=(18)
calls=2 29 
* 144
* 2
+4 2
-4 2
+4 2
+64 2
+4 27
-88 6
-39 6
+26 2
-2 1
+7 4
+8 3
+24 4
cfi=(15)
cfn=(38)
calls=2 -66 
* 58
+1 2
-1 2
+1 6
+45 6
cfi=(22) /build/buildd/eglibc-2.15/string/../sysdeps/x86_64/memcpy.S
cfn=(66) mempcpy
calls=2 62 
* 71
* 2
+5 40
+1 40
-1 40
+1 42
-1 2
+1 2
+2 4
+3 4

fn=(46) _dl_add_to_namespace_list
34 12
+2 3
-2 3
+2 3
cfi=(2) /build/buildd/eglibc-2.15/elf/rtld.c
cfn=(48) rtld_lock_default_lock_recursive
calls=3 844 
* 6
+2 22
+3 18
+2 2
+2 2
+4 2
+4 2
-4 4
+1 4
+1 4
+2 2
+1 6
-1 2
cfi=(2)
cfn=(50) rtld_lock_default_unlock_recursive
calls=2 850 
* 4
-4 1
+4 1
-4 2
+1 2
+1 2
+2 1
+1 3
-1 1
cfi=(2)
cfn=(50)
calls=1 850 
* 2
-5 2

fl=(19) /build/buildd/eglibc-2.15/posix/../sysdeps/unix/syscall-template.S
fn=(58) uname
82 4
+1 1

fl=(23)
fn=(188) munmap
82 4
+1 1

fn=(106)
82 24
+1 6

fn=(68) mmap
82 45
+1 9

fl=(49)
fn=(224)
27 130
+7 13
-7 13
+20 13
-13 52
+7 26
+1 23
-8 46
+2 87
+2 87
-2 87
+1 348
+1 174
cfi=(47)
cfn=(226)
calls=87 152 
* 603
+1 174
+1 61
-6 122
+13 10
+1 117

fl=(27) /build/buildd/eglibc-2.15/setjmp/../sysdeps/x86_64/setjmp.S
fn=(86) __sigsetjmp
26 3
+2 3
+1 6
+1 3
+4 3
+1 3
+1 3
+1 3
+1 3
+2 6
+2 3
+1 3
+2 6
+2 3
+4 3
+1 3

fl=(2)
fn=(22) dl_main
896 1
+19 1
-19 3
+27 1
-27 2
+22 1
-22 3
+32 1
-32 3
+32 1
-6 1
+9 1
-16 1
+3 1
+5 1
-1 1
+9 1
cfn=(24) process_envvars
calls=1 2561 
* 739
+7 3
1126 7
cfi=(13)
cfn=(30)
calls=1 63 
* 242
+2 1
-2 1
+2 1
+1 1
+1 1
+5 1
-4 1
+4 1
-4 1
+4 1
cfi=(13)
cfn=(46)
calls=1 34 
* 34
+1 4
905 1
1165 2
-3 1
-5 1
+1 1
+7 1
-5 1
+5 3
+56 2
902 1
1221 2
-55 24
-1 27
+1 47
-1 2
1268 3
+3 2
+2 2
+2 2
+13 3
+1 7
cfi=(17)
cfn=(52)
calls=1 135 
* 7
* 2
+17 2
fi=(3) /build/buildd/eglibc-2.15/elf/dynamic-link.h
106 1
+9 2
+6 1
-2 1
+2 4
+7 1
+5 1
+3 1
-7 14
+10 3
fe=(2)
892 6
fi=(3)
121 9
+8 15
+10 15
fe=(2)
892 30
fi=(3)
121 45
+18 1
fe=(2)
892 2
fi=(3)
121 3
+2 38
+5 16
+2 4
fe=(2)
1261 2
+1 2
+1 1
-6 2
+1 1
-88 3
+1 1
+50 6
-1 2
+2 4
+1 1
+3 2
+1 2
-1 2
+1 2
+1 2
+1 6
+1 2
-45 2
+2 1
+7 1
+18 1
-25 1
-3 1
+10 1
-19 3
+1 1
fi=(3)
146 3
+38 3
+5 2
+7 2
+1 3
+16 3
+14 3
+7 2
fe=(2)
1311 2
cfi=(6)
cfn=(10) _dl_setup_hash
calls=1 861 
* 27
+3 2
+20 2
+94 6
+5 2
cfi=(20)
cfn=(60) _dl_init_paths
calls=1 712 
* 3135
+3 3
cfi=(25) /build/buildd/eglibc-2.15/elf/dl-debug.c
cfn=(76) _dl_debug_initialize
calls=1 52 
* 18
+7 1
-7 1
+2 1
+5 1
+4 1
+1 1
+2 1
-1 1
-2 3
+1 1
+3 1
+5 2
+5 1
+2 2
+2 1
892 2
1464 1
892 1
1465 1
892 1
1469 1
+1 2
+1 2
-1 1
+1 2
+2 2
+1 2
+5 2
+5 3
911 1
1665 3
+3 2
+4 3
+5 2
+1 1
cfi=(25)
cfn=(78) _dl_debug_state
calls=1 77 
* 1
+4 3
+15 3
+4 3
+31 3
cfi=(21) /build/buildd/eglibc-2.15/io/../sysdeps/unix/syscall-template.S
cfn=(64) access
calls=1 82 
* 11
* 2
+77 4
+17 3
+1 1
-1 1
+1 2
-1 1
+1 4
cfi=(31)
cfn=(114)
calls=1 149 
* 8346
+1 1
+5 1
-5 3
+2 2
+3 4
+1 4
-1 2
+1 12
-1 6
+4 3
+1 3
+1 1
+2 2
+1 2
-1 1
+1 9
-1 6
+47 2
+2 2
-2 2
+1 2
-1 1
+2 1
-1 2
+1 1
cfi=(26)
cfn=(130) _dl_receive_error
calls=1 198 
* 2281
+10 1
+1 1
-1 1
+1 1
+3 2
+3 1
cfn=(146) security_init
calls=1 857 
* 22
+2 3
2137 3
+56 1
+11 1
-11 1
+4 4
+4 2
+3 1
+8 2
1296 1
+3 1
-5 1
+3 1
+2 1
+1 2
+4 2
-57 3
2293 4
+2 1
+6 1
-6 1
+6 1
+9 4
+1 1
+5 2
cfi=(34) /build/buildd/eglibc-2.15/elf/dl-tls.c
cfn=(182) _dl_allocate_tls_init
calls=1 377 
* 137
+4 2
+14 3
+2 4
+15 1
+2 1
-2 1
+3 2
-3 2
+3 2
-3 1
+3 1
cfi=(37)
cfn=(150)
calls=1 154 
* 5630
+1 4
+2 2
+8 1
cfi=(7) /build/buildd/eglibc-2.15/elf/../elf/dl-sysdep.c
cfn=(184) _dl_sysdep_start_cleanup
calls=1 252 
* 1
+4 3
+20 3
cfi=(25)
cfn=(76)
calls=1 52 
* 9
+1 1
+1 1
cfi=(25)
cfn=(78)
calls=1 77 
* 1
+4 1
cfi=(33) /build/buildd/eglibc-2.15/elf/dl-cache.c
cfn=(186) _dl_unload_cache
calls=1 309 
* 15
+5 8
fi=(3)
133 4
fe=(2)
2258 3
+7 1
-7 1
+9 5
+1 5
+1 10
+2 4
-2 4
+2 8
+5 8
+2 8
+7 4
-2 4
+2 8
+1 24
cfi=(37)
cfn=(150)
calls=3 154 
* 66054
+4 10
+1 2
cfi=(34)
cfn=(180) _dl_add_to_slotinfo
calls=1 817 
* 21
* 1
1842 2
+13 1
-1 1
+1 1
-1 1
+1 1
+2 1
+2 3
+2 1
-4 1
+5 1
-1 2
+14 2
+1 2
+1 3
-25 2
fi=(3)
136 4
+1 1
+1 3
fe=(2)
1330 2
+98 1
cfi=(18) /build/buildd/eglibc-2.15/elf/../sysdeps/unix/sysv/linux/dl-sysdep.c
cfn=(56) _dl_discover_osversion
calls=1 67 
* 89
* 2
+29 4
-11 4
2139 1
904 2
729 1
-4 2
+4 2
cfn=(140) init_tls.part.3
calls=1 -7 
* 593
* 2
1708 2
cfi=(9)
cfn=(18)
calls=1 29 
* 81
* 8
cfi=(16)
cfn=(44)
calls=1 62 
* 47
* 1
+3 5
-12 1
+12 2
+3 3
cfi=(15)
cfn=(74) strsep
calls=1 320 
* 768
* 3
cfi=(15)
cfn=(74)
calls=1 320 
* 8
* 6
+1 2
+1 3
+2 4
cfn=(80) do_preload
calls=1 810 
* 2459
* 2
+2 1
+1 2
-1 3
+2 3
+91 5
+1 1
-1 3
+4 3
+1 1
+1 2
+1 2
2280 1
+1 1
-3 2

fn=(80)
810 1
+12 1
-12 5
+10 1
-4 1
+1 1
+5 4
-10 1
+6 1
+4 1
cfi=(26)
cfn=(82)
calls=1 160 
* 2432
+1 2
+10 3
+4 5

fn=(84) _dl_initial_error_catch_tsd
804 8

fn=(88) map_doit
631 2
+2 7
cfi=(20)
cfn=(90)
calls=1 2276 
* 2363
* 1
+2 2

fn=(2) _dl_start
368 9
+18 4
fi=(4)
76 2
fe=(2)
386 1
+29 2
-3 1
fi=(3)
121 1
fe=(2)
415 1
fi=(3)
121 2
+7 1
+5 1
+3 1
+2 1
-9 1
fe=(2)
367 2
fi=(3)
124 30
+15 15
-18 45
+18 1
-18 3
+2 40
+5 20
+1 16
+10 4
-18 13
+25 2
+20 4
+1 4
+1 4
+1 4
+2 4
+5 4
+1 4
+1 4
+6 3
+5 2
+7 3
+1 3
+8 3
+2 3
+3 2
+1 2
fe=(2)
543 3
+7 1
291 66
+12 2
cfi=(6)
cfn=(10)
calls=1 861 
* 27
+1 1
+1 1
-1 1
+1 1
+1 1
+1 1
-1 1
+1 1
+21 1
+10 1
-10 3
+10 1
-6 1
-4 1
+10 1
cfi=(7)
cfn=(12) _dl_sysdep_start
calls=1 89 
* 92287
* 1
+9 4
+3 1
+4 1
-4 1
+4 1
575 9
fi=(3)
130 4
+3 4
fe=(2)
548 24
fi=(5)
93 1
-1 1
+3 2
+25 2
fi=(4)
460 1
fi=(5)
121 1
fi=(4)
460 1
fi=(5)
121 1
fe=(2)
367 2
fi=(5)
121 26
fi=(4)
460 26
+1 28
fi=(5)
120 28
fi=(4)
461 14
fi=(5)
120 14
+5 2
+8 1
fi=(4)
304 1
fi=(5)
133 2
+13 1
+2 1
fi=(4)
286 3
fi=(5)
146 7
+2 7
fi=(4)
286 21
fi=(5)
146 24
fi=(4)
295 24
+3 8
-3 16
+3 24
+6 8
fi=(5)
148 8
fi=(4)
304 40
fi=(3)
136 4
+1 1
+1 3
fi=(4)
382 8
fi=(5)
133 16
fi=(4)
382 8
fi=(5)
133 9
fe=(2)
291 4

fn=(50)
850 5
+1 5

fn=(132) version_check_doit
663 2
+2 4
cfi=(35)
cfn=(134)
calls=1 387 
* 2241
* 2
+4 2

fn=(24)
2561 1
+8 1
-8 7
+23 1
-23 1
+1 1
+7 1
-7 1
+7 3
-4 1
-1 1
+5 2
+2 2
cfi=(11)
cfn=(26)
calls=1 31 
* 90
* 4
cfi=(11)
cfn=(26)
calls=2 31 
* 240
* 9
+4 46
+1 19
-1 57
+3 4
+6 12
2737 1
-4 1
+4 2
+33 2
+22 8
2660 4
cfi=(12) /build/buildd/eglibc-2.15/string/../string/memcmp.c
cfn=(28) bcmp
calls=1 322 
* 105
* 2
-53 4
cfi=(12)
cfn=(28)
calls=1 322 
* 22
* 2
+7 4
cfi=(12)
cfn=(28)
calls=1 322 
* 70
* 2
+2 2
+1 1
+45 2
+1 1

fn=(48)
844 5
+1 5

fn=(140)
722 1
+13 1
+4 4
cfi=(15)
cfn=(34)
calls=1 111 
* 38
+11 1
-15 1
+3 1
+8 1
-11 1
+15 1
+2 1
-1 2
+3 8
+4 1
+2 1
-2 3
-5 1
-1 2
+1 3
-1 8
+10 3
+3 1
cfi=(34)
cfn=(142) _dl_determine_tlsoffset
calls=1 113 
* 73
+7 1
cfi=(34)
cfn=(144) _dl_allocate_tls_storage
calls=1 329 
* 419
+1 1
-1 1
+1 1
+6 1
+8 1
-8 1
+8 6
+7 1
-3 1
+3 2

fn=(146)
857 2
+2 1
fi=(36) /build/buildd/eglibc-2.15/elf/../sysdeps/unix/sysv/linux/dl-osinfo.h
74 2
+23 1
+2 2
fe=(2)
861 1
+6 3
+2 1
fi=(36)
114 2
+11 1
fe=(2)
872 1
+2 1
+6 1
+1 3

fl=(22)
fn=(66)
62 35
+4 35
+3 34
+1 34
+2 11
+1 11
+2 11
+1 11
+5 11
+1 11
-1 23
+1 23
+2 25
+1 25
+2 25
+1 25
+5 25
+1 25
-1 9
+1 9
+2 10
+1 10
+2 10
+1 10
+5 10
+1 10
-1 24
+1 24
+2 18
+1 18
+2 18
+1 36
+5 18
+1 18
-1 16
+1 19
+5 3
+1 3
+1 3
+1 3
+2 3
+2 3
+1 3
+2 3
+6 34
+4 34
+12 4
+2 4
+1 4
+3 1
+1 2
+5 1
+1 1
+2 1
+2 1
+1 1
+2 1
-8 5
+1 5
+2 5
+2 5
+1 5
+2 6
+9 1
+1 1
-1 3
+1 3
+3 4
+1 4
+1 4
+5 3
+2 3
+1 3
+1 3
+1 3
+2 3
+1 3
+1 3
+1 3
+2 3
+1 3
+2 3
+22 4
+2 4
+2 1
+7 1

fl=(6)
fn=(160) check_match.11236
132 498
+1 83
-1 83
+1 83
+2 166
+2 249
-2 166
+12 249
+3 222
cfi=(17)
cfn=(52)
calls=14 -15 
* 1162
* 28
+5 83
-1 83
+1 83
-1 83
+1 83
+2 162
+19 162
+1 648
+46 581
-18 4
+2 4
+1 6
-1 4
+1 2
-1 4
-29 243
cfi=(17)
cfn=(52)
calls=81 -43 
* 7008
* 162
-43 166

fn=(156)
716 783
477 87
716 174
477 87
716 261
477 348
+1 174
-1 87
+1 261
-1 261
+1 2142
-1 1071
+1 3213
-1 3300
718 87
+4 87
+4 87
-8 87
+1 174
+7 249
+5 87
+2 174
-2 87
-1 87
+7 435
+8 8
-8 16
+2 1305
cfn=(158) do_lookup_x
calls=87 82 
* 34307
+3 174
-5 87
+33 174
+23 249
+1 498
+35 332
+14 249
+3 332
+5 83
+2 783
-81 28
+17 4
+1 8
+54 2

fn=(158)
82 783
+1 87
-6 87
+5 261
-5 609
230 87
+3 87
89 87
230 87
+32 87
-29 87
98 87
-3 87
+1 87
+2 87
+3 87
-3 87
+3 87
-3 184
-3 184
+1 184
+2 184
+3 184
-3 184
+3 184
+4 542
+4 542
+4 542
+7 813
+4 813
+1 813
226 271
+1 542
+4 542
-2 271
+5 1084
+4 542
-1 542
+1 271
-1 542
+21 188
+24 376
462 1068
+1 80
cfi=(28)
cfn=(92)
calls=16 305 
* 700
* 96
+3 564
+3 4
+1 696
287 624
+4 113
+13 166
+1 166
+1 166
-65 352
-1 176
+2 176
+2 264
+10 261
-7 850
+2 166
+1 83
-1 83
+1 332
-1 249
+1 332
cfn=(160)
calls=83 132 
* 12560
+1 498

fn=(10)
861 4
+3 12
+4 4
+4 8
+2 4
-1 4
+3 12
+5 4
-4 4
+1 8
+2 4
+1 4
+4 8
-7 4
+5 4
+1 4
+1 8
+14 8

fl=(15)
fn=(42) __libc_memalign
53 92
+1 92
+11 23
+1 23
-1 23
+3 23
-3 23
+3 126
+4 12
+1 6
+6 21
cfi=(23)
cfn=(68)
calls=3 +3 
* 18
+2 6
+2 9
+2 9
+3 3
+1 3
+2 15
-3 20
+1 20
+2 100
-31 3
+1 1
-2 3

fn=(74)
320 6
+3 12
+2 6
+1 12
+4 32
+5 8
-5 188
+5 380
+2 576
+8 96
-15 290
+18 2
+4 12
-13 4
+2 4
+7 4

fn=(38)
95 22
+1 44
cfn=(42)
calls=22 -43 
* 625

fn=(34)
111 8
-3 8
+3 16
-3 8
+3 16
+4 16
cfn=(38)
calls=8 -20 
* 239

fl=(33)
fn=(186)
309 1
+1 4
+2 2
cfi=(23)
cfn=(188)
calls=1 82 
* 5
+1 1
+2 2

fn=(122) _dl_load_cache_lookup
183 8
+8 2
+3 3
+51 3
+15 3
cfi=(21)
cfn=(64)
calls=1 82 
* 11
+5 1
-5 1
+19 1
-14 5
+14 1
-15 1
+15 4
-25 1
+25 1
-25 1
+25 123
cfn=(126) _dl_cache_libcmp
calls=8 164 
* 586
* 35
+21 9
197 4
cfi=(28)
cfn=(124) _dl_sysdep_read_whole_file
calls=1 44 
* 68
+8 1
-8 1
+8 4
+1 4
cfi=(12)
cfn=(28)
calls=1 322 
* 98
* 2
+7 1
-3 1
+3 3
+3 1
+1 2
-1 1
+1 1
+1 3
cfi=(12)
cfn=(28)
calls=1 322 
* 157
* 2
+18 2
+43 13
cfn=(126)
calls=3 164 
* 363
* 12
-97 2
+97 10
-97 1
+97 12
-97 1
+97 2
-97 1
+97 19
+16 4
-16 5

fn=(126)
164 33
-23 28
+2 124
+2 62
-2 62
+2 6
+6 3
+1 6
-1 3
+2 3
-1 3
-1 3
+2 9
+2 15
+2 6
+6 118
+2 118
+5 102
-1 51
+1 51
-29 102
+32 9
-7 32

fl=(8) /build/buildd/eglibc-2.15/elf/../sysdeps/unix/sysv/linux/x86_64/brk.c
fn=(14) brk
29 1
+3 6
+8 1
-6 2
+7 1

fl=(48)
fn=(218)
53 1
-8 1
+8 1
+3 1
-3 1
+3 5
+92 2
+21 1
+1 1
+2 1
+1 2
65 1
-33 2
+6 1
-6 2
+6 1
+1 1
+30 1
-30 1
+30 1
-37 1
+6 1
+27 1
-26 1
+26 1
+4 1
+1 1
-38 2
+33 1
+5 1
+5 1
+2 1
-2 1
-17 1
+58 1
-38 1
+1 2
+33 3
-33 6

fl=(25)
fn=(76)
52 8
+9 1
-1 1
+1 1
+1 2
-1 1
+1 3
+1 2
+4 4
-10 4
-4 4
+4 14

fn=(78)
77 2

fl=(30)
fn=(108)
44 9
+1 9
+1 9
+1 2
+1 2
+2 7
+1 7
+1 7
+1 7
+2 7
+1 7
+2 6
+5 6
+1 6
+1 6
+1 6
+1 6
328 1
+1 1
+1 1
+1 1
+1 1
+1 1
+1 1
+1 1
+1 1
+1 1
+1 1
+1 1
+1 1
-4 1
+1 1
+1 1
+1 1
+1 1
-2 1
+1 1
+1 1
+25 2
+1 2
+50 2
+1 2
+87 1
+1 1
+1 1
+1 1
+1 1
+1 1
+1 1
+5 1
+1 1
+1 1
+1 1
+1 1
+74 1
1214 1
+1 2
+4 1
+1 1
+1 2
+5 1
+2 1
+1 1
+1 1
+1 1
+1 1
+1 1
+1 1
+1 1
+1 1
+1 1
+1 1
+1 1
+1 1
+1 1
+1 1
+1 1
+2 1
+2 1
-21 14
+2 14
+1 14
+1 14
+1 14
+1 14
+1 14
+1 14
+1 14
+1 14
+1 14
+1 14
+1 14
+1 14
+1 14
+1 14
+1 14
+2 14
+2 14
+3 1
+1 1
+6 1
+1 1
+1 1
+1 1
+1 1

fl=(12)
fn=(28)
322 12
+7 12
-7 60
+7 12
+4 12
+2 1
+1 1
+4 2
-3 1
+1 2
-3 4
+1 4
+1 4
+1 4
+2 8
+2 5
-9 15
+16 4
-16 4
+16 8
+1 4
136 10
-19 2
353 4
+4 2
+2 2
-2 4
+1 2
+17 2
-12 4
+12 8
-12 16
+2 9
+1 9
+4 18
-52 24
+47 59
+1 59
+3 59
+1 118
-7 134
+12 8
+1 84
-24 2
228 2
+1 2
352 2
233 2
-4 2
+6 2
-2 2
+2 7
-99 4
+4 2
+1 2
+3 6
+48 2
-2 2
+1 2
+1 14
-80 2
+1 4
+4 4
-5 8
+1 16
+4 18
235 2
+6 1
+3 1
-5 1
+1 1
+4 1
-2 1
+56 2
-2 1
+2 2
-1 1
+1 2
+1 2
-31 1
-6 1
+1 1
+1 1
+4 1
+43 12
+1 4
-6 2

fl=(1) ???
fn=(0) 0x00000000000016b0
0 2
cfi=(2)
cfn=(2)
calls=1 368 
0 93124
0 14
cfi=(45)
cfn=(192)
calls=1 93 
0 6273
0 3
cob=(5)
cfi=(59)
cfn=(254) 0x0000000000400410
calls=1 0 
0 62463

fl=(26)
fn=(130)
198 10
+1 1
cfi=(2)
cfn=(84)
calls=1 804 
* 2
+5 1
-1 1
-4 1
+9 1
+2 1
-3 1
+3 1
cfi=(2)
cfn=(132)
calls=1 663 
* 2251
+2 1
+1 1
+1 8

fn=(82)
160 21
+9 3
+2 3
cfi=(2)
cfn=(84)
calls=3 804 
* 6
* 3
+1 3
+2 6
-2 3
+2 3
cfi=(27)
cfn=(86)
calls=3 26 
* 57
+1 3
-1 3
+1 3
+2 6
+1 3
-1 3
+1 3
cfi=(31)
cfn=(116)
calls=2 62 
* 6864
cfi=(2)
cfn=(88)
calls=1 631 
* 2375
+1 9
+2 3
-1 6
+1 3
+1 6
+10 12

fl=(61)
fn=(264)
74 6
+6 6
-6 3
+6 3
-6 9
+3 3
-1 3
+6 3
-5 3
+3 3
+1 3
-1 3
+1 3
+1 3
-1 6
+6 3
-6 9
+6 3
+4 9
+4 3
-2 3
+2 6
+4 4
+1 8
+2 6
+7 9
-1 3
+8 6
+3 27
cfi=(6)
cfn=(156)
calls=3 716 
* 2134
* 3
+4 9
+4 12
+6 21
+8 3
+8 12
+4 9
fi=(4)
+81 3
fe=(61)
-77 18

fl=(77) /build/buildd/eglibc-2.15/elf/dl-fini.c
fn=(336) _dl_sort_fini
34 9
+2 1
-2 2
+50 1
-48 1
+5 1
+1 1
-1 2
+1 1
+1 1
-1 1
+1 2
-1 3
+1 3
cfi=(30)
cfn=(108)
calls=1 +1 
* 17
+15 5
+62 4
+3 12
cfi=(30)
cfn=(108)
calls=2 -79 
* 22
* 2
-75 2
-1 2
+1 2
-1 2
+5 2
-5 2
+5 4
-4 1
-1 1
+1 1
-1 1
+5 1
-5 1
+5 8
+6 3
+1 10
+2 8
+1 4
-1 4
+1 4
+3 6
-1 9
+31 9
+21 3
-57 6
+61 8
+3 1
+4 8

fn=(334) _dl_fini
133 5
+19 1
-19 1
+12 1
-12 2
+13 1
+9 4
-23 5
+26 2
cfi=(2)
cfn=(48)
calls=1 844 
* 2
+3 1
+3 2
+2 6
+11 4
+2 2
+3 9
+11 3
+2 8
+2 8
+2 8
+1 4
+1 4
+4 4
-12 12
+14 2
+5 5
cfn=(336)
calls=1 34 
* 204
+9 2
cfi=(2)
cfn=(50)
calls=1 850 
* 2
+4 4
+2 2
+2 3
-2 6
+2 9
+3 8
+3 12
+11 4
+12 6
+1 6
cob=(2)
cfi=(14)
cfn=(348)
calls=1 0 
* 787
cob=(2)
cfi=(14)
cfn=(338)
calls=1 0 
* 22
+5 20
+16 8
-55 8
-70 3
285 5
-49 8
+3 4
+52 2
+7 8

fl=(16)
fn=(44)
62 12
+2 12
+2 12
+3 11
+1 11
+2 2
+1 2
+2 2
+1 2
+5 2
+1 2
-1 9
+1 9
+2 3
+1 3
+2 3
+1 6
+5 3
+1 3
-1 8
+1 8
+2 1
+1 1
+2 1
+1 1
+5 1
+1 1
-1 10
+1 10
+2 5
+1 5
+2 5
+1 5
+5 5
+1 5
-1 6
+1 12
+5 6
+1 6
+1 6
+1 6
+2 6
+2 6
+1 6
+2 6
+8 11
+8 6
+6 6
+2 6
+1 6
+3 2
+1 4
+5 2
+1 2
+2 2
+2 2
+1 2
+2 2
-8 9
+1 9
+2 9
+2 9
+1 9
+2 11
+9 2
+1 2
-1 4
+1 4
+3 6
+1 6
+1 6
+5 5
+2 5
+1 5
+1 5
+1 5
+2 5
+1 5
+1 5
+1 5
+2 5
+1 5
+2 5
+22 6
+6 6
+1 6
+2 1

fl=(34)
fn=(144)
329 1
+13 1
-13 2
+2 1
+11 2
cfi=(15)
cfn=(42)
calls=1 53 
* 49
+1 1
-1 1
+1 1
+7 1
+4 306
-58 1
+1 3
cfi=(15)
cfn=(34)
calls=1 111 
* 38
+1 2
-2 2
+11 2
+64 5

fn=(182)
377 7
+1 1
-1 1
+1 1
+4 1
+8 1
-5 1
+5 1
-6 1
-2 1
+8 3
+5 6
+6 3
-25 5
+47 2
+1 4
+2 2
+1 2
+8 4
+1 1
+1 3
cfi=(22)
cfn=(66)
calls=1 62 
* 23
* 5
cfi=(30)
cfn=(108)
calls=1 44 
* 28
* 3
-42 3
+6 4
+3 1
+1 2
+6 3
+3 1
-1 2
+38 2
+3 9

fn=(128) _dl_next_tls_modid
51 1
+3 3
+48 2
+4 2

fn=(180)
817 1
+9 1
-9 3
+6 2
+8 3
+42 1
-1 3
+1 1
-1 1
+1 1
+1 4

fn=(142)
113 7
+6 3
+3 2
+36 3
+2 9
-2 7
+5 1
-1 1
+5 2
-4 1
-1 1
+17 1
-17 1
+3 2
+2 1
+12 1
-12 2
+16 5
+2 1
+1 1
-1 2
+10 1
-12 2
+15 6
+1 1
+51 1
+1 8

fl=(9)
fn=(18)
29 14
+1 14
+1 14
+1 14
+2 5
+1 5
+2 5
+1 5
-1 16
+1 16
+1 20
+1 20
+1 20
+2 26
+5 13
+1 13
+1 13
+1 13
+3 13
-6 5
+1 5
+1 5
+1 5
+3 5
+1 17
+1 17
+1 17
+2 17
+3 16
+1 16
+1 16
+1 16
+3 16
+1 11
+1 11
+1 11
+2 11
+3 8
+1 8
+1 8
+1 8
+3 8
+1 8
+1 8
+1 8
+2 8
+3 8
+1 8
+1 8
+1 8
+3 8
+1 7
+1 7
+1 7
+2 9
+3 2
+2 2
+1 2
-3 11
+2 11
+1 11
+1 13
+2 13
+1 13
+1 9
+2 9
+1 9
+1 9
+2 9
+1 9
+1 8
+2 8
+2 8
+1 8
+1 7
+2 7
+1 7
+1 7
+2 7
+1 7
+1 5
+2 5
+1 5
-1 9
+1 9

fl=(20)
fn=(90)
2276 30
+7 3
-7 9
+7 3
+1 6
+3 18
+12 12
-12 18
+5 21
+1 14
+2 21
cfi=(28)
cfn=(92)
calls=7 305 
* 499
* 14
2570 27
2322 2
-1 10
+11 6
+26 4
-2 2
+2 2
cfi=(24)
cfn=(70)
calls=2 26 
* 62
* 4
2501 6
cfn=(94) expand_dynamic_string_token
calls=1 421 
* 231
+1 1
-3 1
+4 1
-1 1
+4 9
cfn=(96) open_verify
calls=1 1857 
* 413
+3 1
-3 1
+3 1
+12 8
+2 4
+45 2
-1 2
+1 16
-1 2
+1 6
cfn=(102) _dl_map_object_from_fd
calls=2 916 
* 3175
* 4
2321 4
+41 2
cfi=(9)
cfn=(18)
calls=1 29 
* 32
* 1
+2 1
-2 1
+2 1
+7 4
+35 2
+1 15
cfn=(118) open_path
calls=1 2127 
* 2032
+6 1
-6 1
+6 1
+80 2
-80 2
689 3
2421 4
+5 2
cfi=(33)
cfn=(122)
calls=1 183 
* 1601
+2 1
-2 1
+2 1
+5 3
+8 2
+27 9
cfn=(96)
calls=1 1857 
* 493
+3 1
-3 1
+3 1
161 2
cfi=(9)
cfn=(18)
calls=1 29 
* 83
* 1
+1 3
cfi=(15)
cfn=(38)
calls=1 -67 
* 29
+2 3
+3 3
cfi=(16)
cfn=(44)
calls=1 62 
* 84
2474 1
-1 1
+1 1
-94 1
-5 2
+5 1
+3 2
-3 2
+3 4
-3 3
689 3
2395 4
+1 7
689 3
2300 18
+3 2
+2 2
-1 4
+1 2
cfi=(17)
cfn=(52)
calls=2 135 
* 21
* 4

fn=(96)
1857 168
+36 14
-36 28
+36 54
+21 56
cfi=(21)
cfn=(98) open
calls=14 82 
* 142
+1 14
-1 14
+1 14
+11 6
-1 2
+1 4
cfi=(21)
cfn=(100) read
calls=2 82 
* 10
+7 2
-7 4
+7 2
+16 8
cfi=(12)
cfn=(28)
calls=2 322 
* 154
* 4
+2 2
-2 4
+4 8
cfi=(12)
cfn=(28)
calls=2 322 
* 140
-4 4
+60 4
+5 4
+2 6
+6 4
+7 2
+1 2
-1 8
+1 6
+1 4
+15 106
+2 36
+4 6
+1 2
-1 2
+14 2
+1 2
-1 2
+1 2
-1 2
+1 2
-2 2
+4 6
+5 1
+1 1
-13 4
cfi=(12)
cfn=(28)
calls=1 322 
* 70
* 8
cfi=(12)
cfn=(28)
calls=2 322 
* 150
* 6
+16 2
+6 1
-3 1
+1 1
+1 1
+1 2
+1 3
-4 1
+1 1
+1 1
-1 3
-1 1
+4 2
+28 126
1905 2

fn=(102)
916 22
+11 2
-11 2
+11 2
-11 4
+11 2
cfi=(25)
cfn=(76)
calls=2 52 
* 18
+4 6
-4 2
+4 2
cfi=(29) /build/buildd/eglibc-2.15/io/../sysdeps/unix/sysv/linux/wordsize-64/fxstat.c
cfn=(104) _fxstat
calls=2 37 
* 20
* 4
+11 14
+1 6
-1 15
+1 20
+17 4
+25 6
+10 4
+22 8
+31 4
928 2
1051 14
cfi=(13)
cfn=(30)
calls=2 63 
* 952
+1 2
-1 2
+1 2
+11 2
+2 2
-2 2
+5 2
-4 2
-1 2
+4 2
-2 2
+2 2
-3 2
+5 2
-2 2
+1 6
+25 2
+8 2
-27 2
+19 10
+8 6
-8 2
+8 4
-8 2
+8 6
+89 4
-95 2
-1 2
-10 2
1190 6
-88 28
+6 4
+1 8
-8 136
+1 97
+60 3
+4 1
+1 1
+1 1
-1 1
+1 2
+3 3
+1 1
+3 1
-3 1
+7 4
+6 1
cfi=(34)
cfn=(128)
calls=1 51 
* 8
* 3
+1 1
-73 2
+1 1
1244 4
+1 6
+1 2
-6 4
+1 2
1119 20
+6 8
+1 4
-1 16
+10 8
-2 4
+1 4
+4 4
-4 4
-1 8
+1 4
-1 4
+2 4
-1 4
+3 4
-1 4
+3 4
+4 4
-7 4
+2 4
+1 4
+4 4
+1 10
+5 14
+10 2
-10 14
+10 2
+90 4
+13 2
1064 2
1262 2
-3 2
+3 6
1064 2
1262 2
+2 2
-2 2
+2 2
+14 4
+5 12
cfi=(23)
cfn=(68)
calls=2 82 
* 12
+4 2
-4 2
+4 4
+7 4
+1 2
+2 2
-3 2
+1 2
+2 2
+10 2
+35 12
+1 6
+2 8
+7 16
+6 2
+2 2
-2 2
+1 2
+2 2
-1 2
+1 2
-1 8
+8 4
+3 4
+11 16
cfi=(30)
cfn=(108)
calls=2 44 
* 344
+1 12
+5 4
+15 4
-73 20
+2 8
+2 20
cfi=(23)
cfn=(68)
calls=2 82 
* 12
* 4
-30 2
-1 10
cfi=(23)
cfn=(106)
calls=2 82 
* 10
* 2
1407 2
-77 2
+77 4
+9 4
fi=(3)
115 2
fe=(20)
1416 2
fi=(3)
115 2
+6 2
-2 2
+2 4
+7 2
+5 2
+3 2
-7 2
fe=(20)
913 4
fi=(3)
129 32
+10 8
-18 24
+8 31
+10 31
-18 93
+18 2
-18 6
+2 82
+5 40
+2 8
+16 4
+20 7
+1 8
+1 8
+1 8
+2 8
+5 8
+1 7
+1 8
+6 6
+5 4
+7 4
+1 6
+16 6
+5 1
+2 1
-2 2
+2 1
+2 2
+2 2
+3 6
+2 2
+2 2
+3 4
fe=(20)
1422 8
+16 6
+19 4
+2 10
+55 6
+1 2
+3 2
cfi=(21)
cfn=(112) close
calls=1 82 
* 5
* 2
cfi=(21)
cfn=(112)
calls=1 82 
* 5
* 4
+8 4
+3 6
+2 2
-2 2
+2 2
+16 4
cfi=(6)
cfn=(10)
calls=2 861 
* 54
+4 4
+19 4
+4 2
-4 2
+8 2
-8 2
+4 2
+4 2
+6 6
cfi=(13)
cfn=(46)
calls=2 34 
* 84
+4 6
+20 18
-56 4
fi=(3)
133 8
+3 8
+1 2
+1 6
fe=(20)
1346 5
+2 1
-1 4
+1 4
-1 2
+3 4
+42 8
cfi=(23)
cfn=(68)
calls=1 82 
* 6
+3 2

fn=(60)
712 1
+15 2
-15 8
+15 3
cfi=(7)
cfn=(62) _dl_important_hwcaps
calls=1 354 
* 351
+5 1
-5 1
+5 1
cfi=(15)
cfn=(38)
calls=1 95 
* 29
+1 1
-1 1
-1 1
+2 1
+8 1
-1 1
+1 1
-1 4
+5 2
cfi=(15)
cfn=(38)
calls=1 95 
* 52
+2 1
-3 1
+3 1
+17 1
+12 1
-14 1
+12 1
-5 1
-5 1
+3 1
+9 1
-65 1
+42 1
+1 1
+13 1
-56 1
+54 1
-54 1
+57 1
-12 1
-45 1
+62 8
-62 20
+61 8
-61 4
+61 12
+2 4
-1 12
+1 4
-1 48
+1 8
-1 24
+3 18
-14 3
+14 3
-12 3
-2 3
+2 3
+4 3
-3 3
+2 3
+2 3
-1 6
+4 3
-3 3
+3 6
-3 3
-7 6
+25 1
-11 1
+6 1
+1 1
+5 2
+2 4
+2 3
+32 5
+8 3
cfi=(24)
cfn=(70)
calls=1 26 
* 52
* 2
+2 2
cfi=(9)
cfn=(18)
calls=1 29 
* 111
* 8
cfi=(16)
cfn=(44)
calls=1 62 
* 89
* 1
+17 8
+2 1
+1 3
+1 1
-4 3
+2 50
+1 150
+1 50
-4 151
+8 1
cfi=(15)
cfn=(38)
calls=1 95 
* 29
+1 1
-2 1
+2 1
+6 7
cfn=(72) fillin_rpath
calls=1 491 
* 1667
+4 3
+6 1
+4 8
-72 1
-2 1
+2 2
+11 2

fn=(94)
421 7
+10 1
-10 1
+10 1
-10 1
+10 1
cfi=(24)
cfn=(70)
calls=1 26 
* 43
* 2
161 2
cfi=(9)
cfn=(18)
calls=1 29 
* 81
* 1
+1 2
cfi=(15)
cfn=(38)
calls=1 -67 
* 29
+2 2
+3 2
446 3
167 1
446 3
167 1
cfi=(16)
cfn=(44)
calls=1 62 
* 47

fn=(72)
491 3
+2 1
-2 11
+4 3
cfi=(15)
cfn=(74)
calls=1 320 
* 40
* 9
cfi=(15)
cfn=(74)
calls=3 320 
* 816
* 12
+3 6
cfi=(9)
cfn=(18)
calls=3 29 
* 167
+4 3
-4 3
+4 3
+7 11
+5 6
+3 9
+4 60
+1 30
-9 4
+27 9
+4 6
-1 3
+2 3
-1 3
-1 6
cfi=(15)
cfn=(38)
calls=3 95 
* 87
+3 3
-3 3
+3 9
+5 3
+1 6
-2 3
+2 6
cfi=(22)
cfn=(66)
calls=3 62 
* 135
+3 3
-3 3
+1 3
+2 6
+1 1
+5 4
+1 2
-1 8
+1 4
-73 15
+73 6
-73 3
+73 9
+1 3
-1 9
+1 3
-1 36
+1 6
-1 18
+4 3
-1 6
+1 3
+7 3
+1 3
+3 9
+5 1
+3 9
-14 6

fn=(118)
2127 8
+1 1
-1 5
+7 1
-7 1
+1 1
+6 1
+5 2
+52 1
-52 2
+52 1
-59 1
-1 1
+60 1
-52 6
+12 1
-9 1
+9 3
-9 2
+9 2
+7 9
+1 6
-1 3
cfi=(22)
cfn=(66)
calls=3 62 
* 93
+1 3
-1 3
+1 6
+20 16
-20 25
+3 24
-39 12
+43 12
-43 24
+43 48
cfi=(22)
cfn=(66)
calls=12 62 
* 255
* 48
cfi=(22)
cfn=(66)
calls=12 62 
* 276
* 12
+3 12
+3 24
+3 84
cfn=(96)
calls=12 1857 
* 552
* 12
+2 36
+26 16
+2 12
-21 16
+1 72
+6 16
+2 24
-2 8
+2 8
cfi=(32)
cfn=(120)
calls=8 37 
* 98
* 16
+1 8
+2 12
+7 12
-44 18
+44 4
-44 6
+85 15
+7 3
-2 3
+2 9
+3 3
+13 1
+1 9
-70 6

fl=(10) /build/buildd/eglibc-2.15/elf/../misc/sbrk.c
fn=(20) sbrk
35 3
+8 1
-8 1
+8 5
+4 2
+11 5

fl=(29)
fn=(104)
37 3
-1 3
+1 3
+1 18
+4 3

fl=(7)
fn=(62)
354 1
+3 1
-3 7
+3 1
-1 1
+1 1
+9 1
-12 4
+12 1
+10 1
-1 1
-1 1
+2 3
+44 5
cfi=(21)
cfn=(64)
calls=1 82 
* 11
* 4
611 9
418 1
+17 1
-17 1
+17 5
+3 2
+27 2
+8 2
+2 1
+1 1
-1 2
+1 4
+4 1
+4 1
-4 1
+1 1
-1 1
+4 1
+4 4
-1 2
+4 6
+1 2
+18 8
+1 1
-1 2
+1 3
cfi=(15)
cfn=(38)
calls=1 95 
* 29
+1 1
-1 1
+1 1
+7 2
+25 1
-3 3
+3 1
+28 4
-5 1
+5 4
+1 1
-1 6
+1 3
-1 9
+10 1
352 1
577 2
+5 1
352 2
577 3
+3 1
-3 1
+3 1
-3 3
+3 1
-3 1
+3 7
+1 12
+1 4
-1 4
+1 8
-2 4
+1 8
-1 14
+4 4
+3 1
+2 2
-1 1
-1 2
+2 4
+13 3
-13 1
+13 4
+1 1
+2 2
-3 3
+1 1
+2 2
+3 3
+2 1
448 2
-12 2
546 3
cfi=(22)
cfn=(66)
calls=1 62 
* 22
* 1
+1 1
-1 1
+1 2
cfi=(22)
cfn=(66)
calls=1 62 
* 22
* 5

fn=(12)
89 7
+25 1
-1 1
+1 1
-25 1
+25 155
+3 1
-3 1
-23 1
+27 1
-28 1
+27 1
+3 1
-6 1
+6 10
+1 1
-1 3
+1 102
+3 3
-4 1
-34 2
+34 20
-34 34
+34 60
fi=(18)
-84 2
cfi=(8)
cfn=(14)
calls=1 -7 
* 11
fi=(4)
224 5
fe=(7)
+5 2
cfi=(10)
cfn=(20)
calls=1 35 
* 17
* 3
+12 3
+3 5
cfi=(2)
cfn=(22)
calls=1 896 
* 91766
+2 9
-67 1
+1 1
-26 1
+1 1
+8 1
+1 1
-4 1
+1 1
-4 1
+1 1
-25 1
+1 1
-4 1
+1 1
-4 1
+1 1
+99 1
cfi=(9)
cfn=(18)
calls=1 29 
* 35
* 2

fn=(184)
252 1

fl=(18)
fn=(56)
67 7
+2 4
+85 9
-45 2
cfi=(19)
cfn=(58)
calls=1 -27 
* 5
* 1
+15 1
-15 1
+20 1
-1 1
+3 12
+4 3
-2 9
+2 9
+7 3
-1 3
+4 3
-2 3
+2 10
+5 2

fl=(21)
fn=(98)
82 60
+1 15
+1 72

fn=(100)
82 8
+1 2

fn=(64)
82 12
+1 3
+1 18

fn=(112)
82 12
+1 3

fl=(28)
fn=(92)
305 150
+1 60
cfi=(17)
cfn=(52)
calls=30 135 
* 217
* 30
+1 30
-1 30
+3 30
+8 30
-6 60
+4 31
-4 62
+1 102
cfi=(17)
cfn=(52)
calls=34 135 
* 636
* 68
+1 3
+5 42
-1 27
+1 108

fn=(124)
44 2
+7 1
-7 4
+7 1
-7 1
+7 1
cfi=(21)
cfn=(98)
calls=1 +31 
* 5
+1 1
-1 1
-6 1
+7 1
+2 4
cfi=(29)
cfn=(104)
calls=1 -17 
* 10
* 2
+2 1
+3 1
-3 1
+3 1
+13 2
cfi=(21)
cfn=(112)
calls=1 +10 
* 5
+3 7
-14 7
cfi=(23)
cfn=(68)
calls=1 +21 
* 6
* 2

ob=(3)
fl=(62) /build/buildd/eglibc-2.15/csu/libc-start.c
fn=(268) (below main)
96 7
+10 1
-10 3
+10 3
+52 1
-52 1
+52 1
+1 4
cfi=(63) /build/buildd/eglibc-2.15/stdlib/cxa_atexit.c
cfn=(270) __cxa_atexit
calls=1 57 
* 65
+22 4
+3 2
+1 5
cob=(5)
cfi=(59)
cfn=(274) __libc_csu_init
calls=1 0 
* 54
+4 4
+15 2
+9 2
cfi=(64) /build/buildd/eglibc-2.15/setjmp/../sysdeps/x86_64/bsd-_setjmp.S
cfn=(296) _setjmp
calls=1 34 
* 29
+1 2
+5 2
+1 2
+3 2
+3 5
cob=(5)
cfi=(67) /home/nathan/Desktop/temp/valgrind/main.cpp
cfn=(302) main
calls=1 11 
* 59837
+32 2
cfi=(76) /build/buildd/eglibc-2.15/stdlib/exit.c
cfn=(330) exit
calls=1 100 
* 1454
106 2

fl=(81) /build/buildd/eglibc-2.15/posix/../sysdeps/unix/sysv/linux/_exit.c
fn=(376) _Exit
29 2
+4 1
+2 2

fl=(55) /build/buildd/eglibc-2.15/ctype/ctype-info.c
fn=(238) __ctype_init
33 7
+2 4
+2 4
+1 1

fl=(79) /build/buildd/eglibc-2.15/nptl/../nptl/sysdeps/unix/sysv/linux/unregister-atfork.c
fn=(364) __unregister_atfork
37 1
-8 3
+11 2
+1 2
+5 1
-6 2
+82 2

fl=(64)
fn=(296)
34 1
+2 1
cfi=(65) /build/buildd/eglibc-2.15/setjmp/../sysdeps/x86_64/setjmp.S
cfn=(298) __sigsetjmp
calls=1 -10 
* 27

fl=(44)
fn=(176)
31 1
-1 1
fi=(41) /build/buildd/eglibc-2.15/time/../sysdeps/generic/dl-hash.h
+15 1
fe=(44)
-14 2
fi=(41)
+15 1
fe=(44)
-15 1
fi=(41)
+13 1
+5 4
+1 2
+13 2
-17 3
+3 12
+1 6
+13 6
-17 9
+22 1
fe=(44)
-37 2
+3 2
-3 1
+3 1
cfi=(42) /build/buildd/eglibc-2.15/elf/../sysdeps/unix/sysv/linux/dl-vdso.c
cfn=(170) _dl_vdso_vsym
calls=1 -7 
* 12
+1 3
+1 2

fl=(38)
fn=(174)
130 1
+1 1
+4 1
+1 1
+1 1
+2 1
+1 1
+1 1
+5 1

fn=(162)
106 1
+1 1
+1 1
cfi=(39) /build/buildd/eglibc-2.15/csu/../sysdeps/x86_64/multiarch/init-arch.c
cfn=(164) __init_cpu_features
calls=1 -55 
* 56
+3 1
+1 1
+1 1
+2 1
+1 1
+1 1
+5 1

fl=(50)
fn=(228)
53 7
+6 3
+17 1
fi=(51) /build/buildd/eglibc-2.15/csu/../sysdeps/generic/dl-hash.h
-31 1
fe=(50)
+29 1
+1 1
fi=(52) /build/buildd/eglibc-2.15/csu/../sysdeps/unix/sysv/linux/x86_64/init-first.c
-37 1
fi=(51)
+8 1
fi=(52)
-8 1
fe=(50)
+38 1
fi=(52)
-38 2
fi=(51)
+6 1
+5 4
+1 2
+13 2
-17 3
+3 12
+1 6
+13 6
-17 9
+22 1
fi=(52)
-30 2
+2 2
-2 1
+2 1
cfi=(42)
cfn=(170)
calls=1 -13 
* 12
+6 2
-4 2
+1 2
+1 1
+2 1
cfi=(42)
cfn=(170)
calls=1 -19 
* 12
+4 2
fe=(50)
+40 1
fi=(52)
-40 1
fe=(50)
+40 1
fi=(52)
-39 2
+1 1
fe=(50)
+38 2
cfi=(53) /build/buildd/eglibc-2.15/misc/init-misc.c
cfn=(234) __init_misc
calls=1 -59 
* 68
+8 1
cfi=(55)
cfn=(238)
calls=1 -65 
* 16
+5 5
-35 1
-9 1
+9 4

fl=(73) /build/buildd/eglibc-2.15/malloc/morecore.c
fn=(324) __default_morecore
48 2
+1 2
cfi=(74) /build/buildd/eglibc-2.15/misc/sbrk.c
cfn=(326) sbrk
calls=2 -14 
* 76
+2 6
+2 4

fl=(75) /build/buildd/eglibc-2.15/misc/../sysdeps/unix/sysv/linux/x86_64/brk.c
fn=(328) brk
29 2
+3 14
+8 2
-6 4
+7 2

fl=(78) /build/buildd/eglibc-2.15/stdlib/cxa_finalize.c
fn=(362) __cxa_finalize
31 3
+18 1
-18 5
+4 4
+4 6
-4 3
+32 3
+4 6
-4 3
+12 2
+3 1
-2 1
+2 6
-2 1
cfi=(79)
cfn=(364)
calls=1 -43 
* 13

fl=(69) /build/buildd/eglibc-2.15/malloc/hooks.c
fn=(312) malloc_hook_ini
30 1
fi=(70) /build/buildd/eglibc-2.15/malloc/arena.c
371 1
fe=(69)
31 1
fi=(70)
371 1
fe=(69)
31 1
fi=(70)
371 3
cfn=(316) ptmalloc_init.part.8
calls=1 -2 
* 57834
* 1
fe=(69)
34 1
-1 1
cfi=(68) /build/buildd/eglibc-2.15/malloc/malloc.c
cfn=(311) malloc'2
calls=1 2910 
* 1170

fl=(42)
fn=(170)
27 8
+2 4
-2 4
+1 8
+4 8
+18 16

fl=(68)
fn=(310) malloc
2910 6
+5 2
+1 2
+1 1
+32 5
-32 1
cfi=(69)
cfn=(312)
calls=1 30 
* 59015

fn=(311)
2910 6
+5 2
+1 2
+3 2
+2 9
+3 3
cfn=(322) _int_malloc
calls=1 3455 
* 1124
+1 1
-1 1
+1 1
+20 4
+1 8
+3 7

fn=(322)
3455 9
+30 8
+8 2
3938 9
3529 2
+1 3
+1 2
+2 3
+1 2
3925 1
-2 1
3610 1
3925 1
-2 2
+2 1
-2 1
+2 2
3610 1
3925 19
3703 1
3591 5
3719 2
+71 1
+1 1
+3 1
-2 1
+2 1
-3 1
+1 1
+2 1
-1 3
+6 5
+2 12
+2 12
+96 1
+1 3
+2 2
+17 3
4255 3
1913 127
+1 127
-2 127
+2 254
-2 127
+6 3
+7 1
-2 2
+2 2
2370 1
+1 3
-1 3
+11 1
-11 1
+11 1
+58 1
+9 2
-9 1
+9 3
+9 3
2742 2
+1 1
+5 2
+3 2
+4 1
-3 1
+1 1
+2 1
-1 1
+4 1
-3 2
+1 1
-1 4
+1 1
3933 8
2507 1
+19 1
-19 1
+8 1
-8 4
+19 5
+8 1
-8 1
+8 1
+1 4
cfi=(73)
cfn=(324)
calls=1 48 
* 63
* 1
+2 5
+2 2
+1 2
+17 2
+26 2
+1 1
+1 2
+6 1
-6 1
+6 1
+3 4
+40 5
+19 1
+3 1
+1 1
-1 1
+1 3
+2 2
+1 4
cfi=(73)
cfn=(324)
calls=1 48 
* 27
+12 3
+5 2
+1 2
+17 1
3934 1
2697 1
+1 1
-2 1
+1 2
+12 1
-12 1
+1 1
+11 1
-84 2
1922 3

fl=(70)
fn=(316)
369 6
+11 1
-8 1
+8 1
+7 2
+1 2
-1 1
+1 10
cfi=(72) /build/buildd/eglibc-2.15/nptl/../nptl/sysdeps/unix/sysv/linux/register-atfork.c
cfn=(320) __linkin_atfork
calls=1 117 
* 9
+2 4
+16 1
-16 1
-58 4
+2 98
+16 49
-18 147
455 2
+5 2
+1 2
+2 1
+1 7
-83 5
cfi=(71) /build/buildd/eglibc-2.15/elf/dl-addr.c
cfn=(318) _dl_addr
calls=1 127 
* 57469
* 2
+1 3
-47 2
+1 2

fl=(54) /build/buildd/eglibc-2.15/string/../sysdeps/x86_64/multiarch/../strrchr.S
fn=(236) __GI_strrchr
26 1
+1 1
+1 1
+1 1
+1 1
+1 1
+1 1
+1 1
+1 1
+1 1
+1 1
+1 1
+1 1
+1 1
+1 1
+1 1
+1 1
+1 1
+1 1
+1 1
+1 1
+1 1
+1 1
+2 1
+1 1
+1 1
+1 1
+1 1
+1 1
+1 1
+1 1
+1 1
+1 1
+2 1
+1 1
+1 1
+1 1
+7 1
+1 1
+1 1
+1 1
+1 1
+1 1
+1 1

fl=(39)
fn=(164)
53 1
-8 1
+8 1
+3 1
-3 1
+3 5
+92 2
+21 1
+1 1
+2 1
+1 2
65 1
-33 2
+6 1
-6 2
+6 1
+1 1
+30 1
-30 1
+30 1
-37 1
+6 1
+27 1
-26 1
+26 1
+4 1
+1 1
-38 2
+33 1
+5 1
+5 1
+2 1
-2 1
-17 1
+58 1
-38 1
+1 2
+33 3
-33 6

fl=(53)
fn=(234)
31 3
+1 1
-1 1
+1 4
+2 3
cfi=(54)
cfn=(236)
calls=1 -8 
* 44
+4 5
+1 3
+2 4

fl=(57)
fn=(250) intel_02_known_compare
152 87
+1 87
-1 174
+3 168
+1 87

fn=(244) handle_intel
307 2
+6 2
-6 14
+1 4
+13 2
+1 2
+2 2
-5 2
+11 4
+5 2
-5 4
+5 2
+7 10
cfn=(246) intel_check_word
calls=2 163 
* 1606
+1 4
+3 10
cfn=(246)
calls=2 163 
* 785
+1 4
+3 5
cfn=(246)
calls=1 163 
* 21
+1 2
+3 5
cfn=(246)
calls=1 163 
* 203
+1 2
-18 2
+1 4
+26 16

fn=(242)
552 1
+13 1
-13 1
+13 1
-13 1
+13 1
+7 2
+2 3
cfn=(244)
calls=1 307 
* 1667
+4 2
-4 1
+4 1
cfn=(244)
calls=1 307 
* 1054
+2 1
-2 1
-1 1
+3 1
+29 1
-18 1
+18 3
+7 5
+6 2
-6 12
+6 6
+3 20
+2 1
+6 6
+7 5
+2 1
+2 2
-4 4
+2 1
+2 6
+2 4
+5 1
+2 2
+1 1
-1 2
+1 1
+5 1
+12 4
+75 2
+2 1
+1 1
+2 1
-3 1
+5 1
-5 1
+4 3
+4 2
+2 1
+1 1
+2 1
-3 1
+5 1
+2 1
-7 1
+4 2
+3 1
-3 1
+3 2
-93 7

fn=(246)
163 60
+1 12
+8 6
-2 40
+14 26
+53 26
+36 65
-1 13
+1 13
cfi=(58) /build/buildd/eglibc-2.15/stdlib/bsearch.c
cfn=(248) bsearch
calls=13 27 
* 2186
+2 26
+2 12
+14 2
+6 11
172 22
+2 13
+2 26
301 4
+1 42
-23 2
+2 4
+2 4

fl=(74)
fn=(326)
35 10
+8 11
+4 4
+4 4
+3 1
cfi=(75)
cfn=(328)
calls=1 -25 
* 12
+1 3
+3 12
-14 1
+1 1
-1 1
cfi=(75)
cfn=(328)
calls=1 -15 
* 12
* 4

fl=(65)
fn=(298)
26 1
+2 1
+1 2
+1 1
+4 1
+1 1
+1 1
+1 1
+1 1
+2 2
+2 1
+1 1
+2 2
+2 1
+9 1
cfi=(66) /build/buildd/eglibc-2.15/setjmp/sigjmp.c
cfn=(300) __sigjmp_save
calls=1 -26 
* 9

fl=(40)
fn=(166)
29 1
-1 1
fi=(41)
+17 1
fe=(40)
-16 2
fi=(41)
+17 1
fe=(40)
-17 1
fi=(41)
+15 1
+5 4
+1 2
+13 2
-17 3
+3 12
+1 6
+13 6
-17 9
+22 1
fe=(40)
-39 2
+3 2
-3 1
+3 1
cfi=(42)
cfn=(170)
calls=1 -5 
* 12
* 3
+1 2

fl=(58)
fn=(248)
27 130
+7 13
-7 13
+20 13
-13 52
+7 26
+1 23
-8 46
+2 87
+2 87
-2 87
+1 348
+1 174
cfi=(57)
cfn=(250)
calls=87 152 
* 603
+1 174
+1 61
-6 122
+13 10
+1 117

fl=(43)
fn=(172)
30 1
+1 1
+2 1
+1 1
+1 1
+2 1

fl=(56)
fn=(240)
33 3
+1 1

fl=(76)
fn=(330)
100 1
-1 1
+1 2
cfn=(332) __run_exit_handlers
calls=1 -63 
* 1450

fn=(332)
37 8
+50 1
-45 3
+37 1
-33 2
+33 1
-33 2
+3 1
-1 4
+2 5
+24 1
+4 2
-2 2
+2 1
cob=(1)
cfi=(77)
cfn=(334)
calls=1 +55 
* 1249
+1 1
+4 1
+1 1
-1 1
+1 1
+6 2
+1 5
cfi=(80) /build/buildd/eglibc-2.15/libio/genops.c
cfn=(372) _IO_cleanup
calls=1 1007 
* 145
* 3
+2 2
cfi=(81)
cfn=(376)
calls=1 -64 
* 5

fl=(71)
fn=(318)
127 3
+2 1
-2 6
+5 1
-5 2
+5 2
cob=(1)
cfi=(2)
cfn=(48)
calls=1 844 
* 2
+3 5
+1 4
+1 15
+1 2
31 1
+1 1
-1 1
+4 2
+5 1
+6 1
-7 1
+2 3
+2 3
+3 1
+5 7
+2 1
+1 2
-1 1010
+1 2020
+2 4890
+6 10905
+2 8724
+1 15883
+7 2181
-2 2181
+2 7554
-21 2022
+49 2
+1 2
+1 2
+3 2
+41 2
cob=(1)
cfi=(2)
cfn=(50)
calls=1 850 
* 2
+3 9
-13 6
-19 1
+1 1
+23 2

fl=(63)
fn=(270)
57 2
-22 1
+22 5
-22 1
cfn=(272) __new_exitfn
calls=1 +38 
* 42
+2 2
+4 2
+3 1
-1 1
+2 1
+2 1
+1 1
+11 5

fn=(272)
73 1
+6 2
-6 3
+6 4
+2 6
+2 3
-2 1
+10 1
-10 3
+45 1
+1 1
+3 4
+3 5
-35 2
+14 1
+1 2
-19 2

fl=(66)
fn=(300)
30 2
-1 2
+1 2
+5 3

fl=(72)
fn=(320)
117 2
+2 4
-1 2
+2 1

fl=(80)
fn=(372)
1007 1
+3 1
-3 6
+3 1
cfn=(374) _IO_flush_all_lockp
calls=1 823 
* 88
-59 1
+59 1
-59 2
+11 2
-9 12
+2 2
-1 4
+3 3
+30 3
-36 9
+71 9

fn=(374)
823 1
+6 1
-6 7
+6 2
+6 1
-11 1
+10 1
+2 2
+4 2
-1 3
-1 3
+1 3
+3 9
+10 6
+4 3
-2 3
+2 6
+7 3
-27 6
+31 2
+2 2
+4 9
-31 12

ob=(5)
fl=(67)
fn=(304) f()
4 3
+1 2
cob=(3)
cfi=(68)
cfn=(310)
calls=1 2910 
* 59032
cob=(1)
cfi=(60)
cfn=(262)
calls=1 +26 
* 788
* 1
+1 3
+2 2

fn=(302)
11 2
+1 1
cfn=(304)
calls=1 -8 
* 59831
+1 1
+1 2

fl=(59)
fn=(254)
0 11
cob=(3)
cfi=(62)
cfn=(268)
calls=1 96 
0 61496
cob=(1)
cfi=(60)
cfn=(262)
calls=1 31 
0 956

fn=(284)
0 6

fn=(278)
0 6

fn=(290)
0 11

fn=(274)
0 15
cob=(2)
cfi=(14)
cfn=(276)
calls=1 0 
0 29
0 10

fn=(340)
0 18

ob=(4)
fl=(46)
fn=(198)
0 6

fn=(210)
0 11

fn=(350)
0 10
cob=(3)
cfi=(78)
cfn=(362)
calls=1 31 
0 58
cob=(1)
cfi=(60)
cfn=(262)
calls=1 31 
0 702
0 13

fn=(204)
0 6

totals: 161879
